0.40920334	3
0.42228787	3
0.50518872	3
0.52438135	3
0.5962831	3
0.63905184	3
0.72419367	0
0.76513753	3
0.84725393	0
0.95365743	1
0.38409835	3
0.4106568	3
0.50271344	3
0.51668648	3
0.59518959	3
0.60841642	3
0.73150876	0
0.76065952	3
0.85581205	2
0.93067745	1
0.37402514	1
0.40945597	1
0.44398845	1
0.48208328	1
0.54906991	1
0.58343896	1
0.73889773	3
0.74868543	3
0.85704551	2
0.8702038	2
0.40861982	3
0.45589025	3
0.49315688	3
0.53879485	3
0.58023093	3
0.66626074	3
0.70160316	0
0.7808325	2
0.82175983	0
0.96696483	1
0.41129224	3
0.44928955	3
0.49767804	3
0.53339637	3
0.58587102	3
0.6622746	3
0.70869006	0
0.775303	2
0.83006044	0
0.96569692	1
0.41191097	3
0.43731652	3
0.5015567	3
0.52908869	3
0.59119758	3
0.6545337	3
0.71584854	0
0.76791877	3
0.83844489	0
0.96236033	1
0.40610671	3
0.41768643	3
0.50365886	3
0.52246373	3
0.59549441	3
0.63826019	3
0.72307934	0
0.76500361	3
0.84691403	0
0.95357981	1
0.37553306	3
0.39658033	3
0.4997628	3
0.51129976	3
0.5931233	3
0.60618326	3
0.73038317	0
0.76031789	3
0.85546871	2
0.93047319	1
0.35407922	1
0.3815847	1
0.43030082	1
0.4557011	1
0.53940426	1
0.56788768	1
0.73776078	3
0.74729687	3
0.85557777	2
0.86966629	2
0.37436882	3
0.44105913	3
0.4699577	3
0.52914778	3
0.55772911	3
0.66137389	3
0.69019861	3
0.77438371	2
0.81022822	2
0.96643368	1
0.35688143	3
0.41801083	3
0.45920152	3
0.51829028	3
0.54737268	3
0.65138359	3
0.68700937	3
0.76705535	3
0.80670291	2
0.96429916	1
0.34409531	4
0.38688672	4
0.43868672	3
0.49632148	3
0.52702187	3
0.62802813	3
0.679825	3
0.76197336	3
0.79834609	2
0.958682	1
0.323375	4
0.358	4
0.40240625	4
0.47234375	4
0.51528125	4
0.57532812	3
0.6636875	3
0.75051563	3
0.78128125	2
0.9439	1
0.24	4
0.27	4
0.355	4
0.395	4
0.49625	4
0.50875	4
0.624375	3
0.724375	3
0.761875	3
0.905	2
0.0	0
0.0	0
0.0	0
0.0	0
0.3	4
0.3	4
0.55	4
0.65	3
0.725	3
0.775	3
0.0	0
0.0	0
